001 0 1 300 0 0 24 26
002 0 1 300 24 0 24 26
003 0 1 300 48 0 24 26
004 0 1 300 72 0 24 26
005 0 1 300 96 0 24 26
006 0 1 300 120 0 24 26
007 0 1 300 144 0 24 26
008 0 1 300 168 0 24 26
009 0 1 300 0 26 24 26
010 0 1 300 24 26 24 26
011 0 1 300 48 26 24 26
012 0 1 300 72 26 24 26
013 0 1 300 96 26 24 26
014 0 1 300 120 26 24 26
015 0 1 300 144 26 24 26
016 0 1 300 168 26 24 26
017 0 1 300 0 52 24 26
018 0 1 300 0 78 24 26
019 0 1 300 24 78 24 26
020 0 1 300 48 78 24 26
021 0 1 300 72 78 24 26
022 0 1 300 96 78 24 26
023 0 1 300 120 78 24 26
024 0 1 300 144 78 24 26
025 0 1 300 168 78 24 26
026 0 1 300 0 104 24 26
027 0 1 300 24 104 24 26
028 0 1 300 48 104 24 26
029 0 1 300 72 104 24 26
030 0 1 300 96 104 24 26
031 0 1 300 120 104 24 26
032 0 1 300 144 104 24 26
033 0 1 300 168 104 24 26
034 0 1 300 0 130 24 26
101 0 1 300 0 156 47 40
102 0 1 300 47 156 47 40
103 0 1 300 94 156 47 40
104 0 1 300 141 156 47 40
105 0 1 300 0 196 47 40
106 0 1 300 47 195 52 40
107 0 1 300 0 259 47 40
108 0 1 300 47 259 47 40
109 0 1 300 94 259 47 40
110 0 1 300 141 259 47 40
111 0 1 300 0 300 47 40
112 0 1 300 47 300 47 40
113 0 1 300 94 299 47 40
114 0 1 300 141 300 47 40
115 0 1 300 0 340 47 40
116 0 1 300 47 340 47 40
117 0 1 300 94 340 47 40
118 0 1 300 141 340 47 40
211 0 1 300 0 234 25 25
212 0 1 300 24 234 25 25
213 0 1 300 48 234 25 25
214 0 1 300 97 195 25 25
301 0 1 300 141 500 47 40
302 0 1 300 0 380 47 40
303 0 1 300 141 460 47 40
304 0 1 300 0 500 47 40
305 0 1 300 94 380 47 40
306 0 1 300 47 460 47 40
307 0 1 300 0 540 47 40
308 0 1 300 47 500 47 40
309 0 1 300 141 380 47 40
310 0 1 300 0 420 47 40
311 0 1 300 0 460 47 40
312 0 1 300 94 420 47 40
313 0 1 300 0 500 47 40
314 0 1 300 141 420 47 40
315 0 1 300 47 420 47 40
316 0 1 300 47 540 47 40
317 0 1 300 94 460 47 40
318 0 1 300 47 380 47 40
